D:\CSIE\108-2\VFX\hw2\car\IMG_01.jpg
500 750

1 0 374.5 
0 1 249.5 
0 0 1 

0.998509 0.0524516 -0.0151045 
-0.0185974 0.0667562 -0.997596 
-0.0513172 0.99639 0.0676322 

794.949

D:\CSIE\108-2\VFX\hw2\car\IMG_02.jpg
500 750

1 0 374.5 
0 1 249.5 
0 0 1 

0.998567 0.0535008 -0.000814918 
-0.0148222 0.26195 -0.964967 
-0.0514131 0.963597 0.262368 

790.995

D:\CSIE\108-2\VFX\hw2\car\IMG_03.jpg
500 750

1 0 374.5 
0 1 249.5 
0 0 1 

0.998557 0.0501064 0.0192899 
-0.0074395 0.484932 -0.87452 
-0.0531733 0.873116 0.484605 

787.743

D:\CSIE\108-2\VFX\hw2\car\IMG_04.jpg
500 750

1 0 374.5 
0 1 249.5 
0 0 1 

0.998454 0.0446357 0.0331239 
-0.0035725 0.646231 -0.763134 
-0.0554686 0.761836 0.645391 

784.242

D:\CSIE\108-2\VFX\hw2\car\IMG_05.jpg
500 750

1 0 374.5 
0 1 249.5 
0 0 1 

0.998338 0.0336053 0.0468249 
0.00195002 0.792267 -0.610171 
-0.0576028 0.609248 0.790885 

780.891

D:\CSIE\108-2\VFX\hw2\car\IMG_06.jpg
500 750

1 0 374.5 
0 1 249.5 
0 0 1 

0.998042 0.0214237 0.0587612 
0.00430612 0.91374 -0.406277 
-0.0623964 0.405735 0.911859 

776.787

D:\CSIE\108-2\VFX\hw2\car\IMG_07.jpg
500 750

1 0 374.5 
0 1 249.5 
0 0 1 

0.997766 0.00945558 0.066138 
0.00564985 0.974447 -0.224548 
-0.0665712 0.22442 0.972216 

772.314

D:\CSIE\108-2\VFX\hw2\car\IMG_08.jpg
500 750

1 0 374.5 
0 1 249.5 
0 0 1 

0.997342 -0.0125045 0.0717765 
0.00957493 0.999113 0.0410152 
-0.0722256 -0.0402189 0.996577 

768.874

D:\CSIE\108-2\VFX\hw2\car\IMG_09.jpg
500 750

1 0 374.5 
0 1 249.5 
0 0 1 

0.996146 -0.0317452 0.0817688 
-0.00232395 0.922333 0.38639 
-0.0876841 -0.385091 0.918704 

762.458

D:\CSIE\108-2\VFX\hw2\car\IMG_10.jpg
500 750

1 0 374.5 
0 1 249.5 
0 0 1 

0.99589 -0.0491529 0.0760675 
-0.00765941 0.791188 0.611525 
-0.0902419 -0.609594 0.78756 

755.681

D:\CSIE\108-2\VFX\hw2\car\IMG_11.jpg
500 750

1 0 374.5 
0 1 249.5 
0 0 1 

0.995833 -0.0607691 0.0679945 
-0.0123225 0.649104 0.7606 
-0.0903565 -0.758268 0.64565 

752.596

D:\CSIE\108-2\VFX\hw2\car\IMG_12.jpg
500 750

1 0 374.5 
0 1 249.5 
0 0 1 

0.995594 -0.0787832 0.0508481 
-0.0149606 0.401869 0.915575 
-0.0925662 -0.912302 0.398919 

746.495

D:\CSIE\108-2\VFX\hw2\car\IMG_13.jpg
500 750

1 0 374.5 
0 1 249.5 
0 0 1 

0.995803 -0.0877091 0.0261268 
-0.0168234 0.10518 0.994311 
-0.0899582 -0.990577 0.103263 

740.359

D:\CSIE\108-2\VFX\hw2\car\IMG_14.jpg
500 750

1 0 374.5 
0 1 249.5 
0 0 1 

0.99554 -0.0943426 0.000455025 
-0.0231659 -0.239775 0.970552 
-0.0914553 -0.966233 -0.240891 

733.774

D:\CSIE\108-2\VFX\hw2\car\IMG_00.jpg
500 750

1 0 374.5 
0 1 249.5 
0 0 1 

0.998037 0.0432615 -0.0452844 
-0.0309204 -0.288423 -0.957004 
-0.0544625 0.956525 -0.286519 

801.593

